1,1,733.38,267.28,70.31000000000006,37.860000000000014,1,1,1.0
1,2,122.77,335.43,131.95999999999998,56.77999999999997,1,1,1.0
1,3,208.87,252.24,94.11000000000001,38.39999999999998,1,1,1.0
2,1,720.18,269.39,71.68000000000006,38.80000000000001,1,1,1.0
2,2,98.21,338.4,134.45999999999998,58.629999999999995,1,1,1.0
2,3,208.86,252.3,94.11000000000001,38.39999999999998,1,1,1.0
3,1,706.99,271.5,73.03999999999996,39.75,1,1,1.0
3,2,73.66,341.38,136.94,60.45999999999998,1,1,1.0
3,3,208.86,252.36,94.09999999999997,38.39999999999998,1,1,1.0
4,1,692.37,273.24,74.40999999999997,40.69999999999999,1,1,1.0
4,2,49.11,344.35,139.42000000000002,62.31,1,1,1.0
4,3,208.85,252.42,94.10999999999999,38.400000000000006,1,1,1.0
5,1,677.76,274.99,75.75999999999999,41.639999999999986,1,1,1.0
5,2,24.55,347.33,141.92,64.14000000000004,1,1,1.0
5,3,208.84,252.48,94.10999999999999,38.400000000000006,1,1,1.0
6,1,663.14,276.74,77.13,42.589999999999975,1,1,1.0
6,2,0.0,350.3,144.4,65.97999999999996,1,1,1.0
6,3,208.84,252.54,94.1,38.400000000000006,1,1,1.0
7,1,648.52,278.48,78.5,43.539999999999964,1,1,1.0
7,2,0.0,354.79,120.82,64.13999999999999,1,1,1.0
7,3,208.83,252.6,94.10999999999999,38.400000000000006,1,1,1.0
8,1,633.91,280.23,79.86000000000001,44.47999999999996,1,1,1.0
8,2,0.0,359.28,97.24,62.30000000000001,1,1,1.0
8,3,208.82,252.65,94.11000000000001,38.400000000000006,1,1,1.0
9,1,619.29,281.98,81.23000000000002,45.41999999999996,1,1,1.0
9,2,0.0,363.77,73.66,60.460000000000036,1,1,1.0
9,3,208.82,252.71,94.10000000000002,38.400000000000006,1,1,1.0
10,1,604.67,283.72,82.60000000000002,46.379999999999995,1,1,1.0
10,2,0.0,368.26,50.07,58.620000000000005,1,1,1.0
10,3,208.81,252.77,94.11000000000001,38.400000000000006,1,1,1.0
11,1,590.06,285.47,83.96000000000004,47.31999999999999,1,1,1.0
11,2,0.0,372.74,26.49,56.789999999999964,1,1,1.0
11,3,208.8,252.83,94.11000000000001,38.400000000000006,1,1,1.0
12,1,573.29,287.74,85.82000000000005,48.26999999999998,1,1,1.0
12,3,208.8,252.89,94.09999999999997,38.400000000000034,1,1,1.0
13,1,556.52,290.02,87.69000000000005,49.210000000000036,1,1,1.0
13,3,208.79,252.95,94.10999999999999,38.400000000000034,1,1,1.0
14,1,539.76,292.29,89.54999999999995,50.15999999999997,1,1,1.0
14,3,208.78,253.01,94.10999999999999,38.400000000000034,1,1,1.0
15,1,522.99,294.57,91.41999999999996,51.10000000000002,1,1,1.0
15,3,208.78,253.07,94.1,38.400000000000034,1,1,1.0
16,1,506.22,296.84,93.28999999999996,52.05000000000001,1,1,1.0
16,3,208.77,253.12,94.10999999999999,38.39999999999998,1,1,1.0
17,1,489.45,299.12,95.16000000000003,52.99000000000001,1,1,1.0
17,3,208.76,253.18,94.11000000000001,38.39999999999998,1,1,1.0
18,1,472.69,301.39,97.01000000000005,53.94,1,1,1.0
18,3,208.76,253.24,94.10000000000002,38.39999999999998,1,1,1.0
19,1,455.92,303.67,98.87999999999994,54.879999999999995,1,1,1.0
19,3,208.75,253.3,94.11000000000001,38.39999999999998,1,1,1.0
20,1,439.15,305.94,100.75,55.829999999999984,1,1,1.0
20,3,208.74,253.36,94.11000000000001,38.39999999999998,1,1,1.0
21,1,422.38,308.22,102.62,56.77999999999997,1,1,1.0
21,3,208.74,253.42,94.11000000000001,38.400000000000006,1,1,1.0
22,1,404.31,311.58,104.77999999999997,57.73000000000002,1,1,1.0
22,3,208.73,253.48,94.10999999999999,38.400000000000006,1,1,1.0
23,1,386.23,314.95,106.94999999999999,58.670000000000016,1,1,1.0
23,3,208.73,253.53,94.1,38.400000000000006,1,1,1.0
24,1,368.16,318.31,109.09999999999997,59.620000000000005,1,1,1.0
24,3,208.72,253.59,94.10999999999999,38.400000000000006,1,1,1.0
25,1,350.08,321.68,111.27000000000004,60.56,1,1,1.0
25,3,208.71,253.65,94.10999999999999,38.400000000000006,1,1,1.0
26,1,328.76,325.05,113.44,61.5,1,1,1.0
26,3,208.71,253.71,94.1,38.400000000000006,1,1,1.0
27,1,307.44,328.41,115.60000000000002,62.45999999999998,1,1,1.0
27,3,208.7,253.77,94.11000000000001,38.400000000000006,1,1,1.0
28,1,286.12,331.78,117.75999999999999,63.400000000000034,1,1,1.0
28,3,208.69,253.83,94.11000000000001,38.400000000000006,1,1,1.0
29,1,264.8,335.14,119.93,64.35000000000002,1,1,1.0
29,3,208.69,253.89,94.10000000000002,38.400000000000034,1,1,1.0
30,1,243.48,338.51,122.09,65.29000000000002,1,1,1.0
30,3,208.68,253.94,94.11000000000001,38.39999999999998,1,1,1.0
31,1,222.16,341.87,124.25000000000003,66.24000000000001,1,1,1.0
31,3,208.67,254.0,94.10999999999999,38.39999999999998,1,1,1.0
32,1,200.84,345.24,126.41999999999999,67.18,1,1,1.0
32,3,208.67,254.06,94.1,38.39999999999998,1,1,1.0
33,1,179.53,348.6,128.57000000000002,68.13,1,1,1.0
33,3,208.66,254.12,94.10999999999999,38.39999999999998,1,1,1.0
34,1,154.11,353.18,132.71999999999997,69.07,1,1,1.0
34,3,208.65,254.18,94.10999999999999,38.39999999999998,1,1,1.0
35,1,128.69,357.75,136.86,70.01999999999998,1,1,1.0
35,3,208.65,254.24,94.1,38.39999999999998,1,1,1.0
36,1,103.28,362.32,141.0,70.97000000000003,1,1,1.0
36,3,208.64,254.3,94.11000000000001,38.39999999999998,1,1,1.0
37,1,77.86,366.89,145.14,71.92000000000002,1,1,1.0
37,3,208.63,254.36,94.11000000000001,38.39999999999998,1,1,1.0
38,1,48.66,370.92,150.64000000000001,72.85999999999996,1,1,1.0
38,3,208.63,254.41,94.10000000000002,38.400000000000006,1,1,1.0
39,1,19.46,374.96,156.14,73.80000000000001,1,1,1.0
39,3,208.62,254.47,94.11000000000001,38.400000000000006,1,1,1.0
40,1,0.0,380.07,148.1,74.75,1,1,1.0
40,3,208.61,254.53,94.11000000000001,38.400000000000006,1,1,1.0
41,1,0.0,384.1,124.9,75.69999999999999,1,1,1.0
41,3,208.61,254.59,94.11000000000001,38.400000000000006,1,1,1.0
42,1,0.0,388.02,99.35,75.70000000000005,1,1,1.0
42,3,208.6,254.65,94.10999999999999,38.400000000000006,1,1,1.0
43,1,0.0,391.94,73.79,75.69999999999999,1,1,1.0
43,3,208.59,254.71,94.10999999999999,38.400000000000006,1,1,1.0
44,1,0.0,395.86,48.24,75.69999999999999,1,1,1.0
44,3,208.59,254.77,94.10999999999999,38.400000000000006,1,1,1.0
45,1,0.0,399.79,22.68,75.69,1,1,1.0
45,3,208.58,254.82,94.10999999999999,38.400000000000034,1,1,1.0
46,3,208.58,254.88,94.1,38.39999999999998,1,1,1.0
47,3,208.57,254.94,94.11000000000001,38.39999999999998,1,1,1.0
48,3,208.56,255.0,94.11000000000001,38.39999999999998,1,1,1.0
49,3,208.56,255.06,94.10000000000002,38.39999999999998,1,1,1.0
50,3,208.55,255.12,94.11000000000001,38.39999999999998,1,1,1.0
51,4,949.83,219.87,10.169999999999959,73.83999999999997,1,1,1.0
51,3,208.54,255.18,94.10999999999999,38.39999999999998,1,1,1.0
52,4,945.46,219.87,14.539999999999964,73.83999999999997,1,1,1.0
52,3,208.54,255.23,94.1,38.400000000000006,1,1,1.0
53,4,941.08,219.87,18.91999999999996,73.83999999999997,1,1,1.0
53,3,208.53,255.29,94.10999999999999,38.400000000000006,1,1,1.0
54,4,936.7,219.87,23.299999999999955,73.83999999999997,1,1,1.0
54,3,208.52,255.35,94.10999999999999,38.400000000000006,1,1,1.0
55,4,932.33,219.87,27.66999999999996,73.83999999999997,1,1,1.0
55,3,208.52,255.41,94.1,38.400000000000006,1,1,1.0
56,4,927.95,219.87,32.049999999999955,73.83999999999997,1,1,1.0
56,3,208.51,255.47,94.11000000000001,38.400000000000006,1,1,1.0
57,4,923.58,219.87,36.41999999999996,73.83999999999997,1,1,1.0
57,3,208.5,255.53,94.11000000000001,38.400000000000006,1,1,1.0
58,4,919.2,219.87,40.799999999999955,73.83999999999997,1,1,1.0
58,3,208.5,255.59,94.10000000000002,38.400000000000006,1,1,1.0
59,4,912.86,220.6,47.139999999999986,74.81000000000003,1,1,1.0
59,3,208.49,255.65,94.11000000000001,38.400000000000006,1,1,1.0
60,4,906.52,221.34,53.48000000000002,75.77000000000001,1,1,1.0
60,3,208.48,255.7,94.10999999999999,38.400000000000034,1,1,1.0
61,4,900.18,222.07,59.82000000000005,76.75,1,1,1.0
61,3,208.48,255.76,94.1,38.400000000000034,1,1,1.0
62,4,893.84,222.81,66.15999999999997,77.70999999999998,1,1,1.0
62,3,208.47,255.82,94.10999999999999,38.400000000000034,1,1,1.0
63,4,887.5,223.54,72.5,78.68000000000004,1,1,1.0
63,3,208.46,255.88,94.10999999999999,38.39999999999998,1,1,1.0
64,4,881.16,224.28,78.84000000000003,79.65,1,1,1.0
64,3,208.46,255.94,94.10999999999999,38.39999999999998,1,1,1.0
65,4,874.82,225.01,85.17999999999995,80.62,1,1,1.0
65,3,208.45,256.0,94.11000000000001,38.39999999999998,1,1,1.0
66,4,868.48,225.75,91.51999999999998,81.58999999999997,1,1,1.0
66,3,208.45,256.06,94.10000000000002,38.39999999999998,1,1,1.0
67,4,862.14,226.48,97.86000000000001,82.56000000000003,1,1,1.0
67,3,208.44,256.11,94.11000000000001,38.39999999999998,1,1,1.0
68,4,855.8,227.22,104.20000000000005,83.52000000000001,1,1,1.0
68,3,208.43,256.17,94.11000000000001,38.39999999999998,1,1,1.0
69,4,849.46,227.95,110.53999999999996,84.5,1,1,1.0
69,3,208.43,256.23,94.09999999999997,38.39999999999998,1,1,1.0
70,4,843.12,228.69,116.88,85.45999999999998,1,1,1.0
70,3,208.42,256.29,94.10999999999999,38.39999999999998,1,1,1.0
71,4,836.78,229.42,123.22000000000003,86.43000000000004,1,1,1.0
71,3,208.41,256.35,94.10999999999999,38.39999999999998,1,1,1.0
72,4,830.43,230.16,129.57000000000005,87.4,1,1,1.0
72,3,208.41,256.41,94.1,38.39999999999998,1,1,1.0
73,4,824.09,230.89,135.90999999999997,88.37,1,1,1.0
73,3,208.4,256.47,94.10999999999999,38.39999999999998,1,1,1.0
74,4,817.75,231.63,142.25,89.34000000000003,1,1,1.0
74,5,819.04,254.28,23.160000000000082,26.909999999999997,1,1,1.0
74,3,208.39,256.52,94.11000000000001,38.400000000000034,1,1,1.0
75,4,809.52,232.59,150.48000000000002,90.30999999999997,1,1,1.0
75,5,809.75,255.27,23.149999999999977,26.900000000000006,1,1,1.0
75,3,208.39,256.58,94.10000000000002,38.400000000000034,1,1,1.0
76,4,801.28,233.55,158.72000000000003,91.27999999999997,1,1,1.0
76,5,800.45,256.25,23.149999999999977,26.910000000000025,1,1,1.0
76,3,208.38,256.64,94.11000000000001,38.400000000000034,1,1,1.0
77,4,793.04,234.52,166.96000000000004,92.23999999999998,1,1,1.0
77,5,791.15,257.23,23.159999999999968,26.909999999999968,1,1,1.0
77,3,208.37,256.7,94.11000000000001,38.400000000000034,1,1,1.0
78,4,784.8,235.48,175.20000000000005,93.21000000000001,1,1,1.0
78,5,781.86,258.22,23.149999999999977,26.899999999999977,1,1,1.0
78,3,208.37,256.76,94.10000000000002,38.400000000000034,1,1,1.0
79,4,776.56,236.44,177.09000000000003,94.18,1,1,1.0
79,5,772.56,259.2,23.15000000000009,26.910000000000025,1,1,1.0
79,6,939.82,233.01,20.17999999999995,36.29000000000002,1,1,1.0
79,3,208.36,256.82,94.11000000000001,38.400000000000034,1,1,1.0
80,4,768.32,237.41,178.9699999999999,95.14000000000001,1,1,1.0
80,5,763.26,260.18,23.159999999999968,26.909999999999968,1,1,1.0
80,6,934.81,233.88,20.180000000000064,36.30000000000001,1,1,1.0
80,3,208.35,256.88,94.10999999999999,38.39999999999998,1,1,1.0
81,4,760.09,238.37,180.85000000000002,96.12,1,1,1.0
81,5,753.96,261.17,23.159999999999968,26.899999999999977,1,1,1.0
81,6,929.81,234.76,20.180000000000064,36.29000000000002,1,1,1.0
81,3,208.35,256.94,94.1,38.39999999999998,1,1,1.0
82,4,751.85,239.33,182.73000000000002,97.09,1,1,1.0
82,5,742.43,261.66,26.960000000000036,27.16999999999996,1,1,1.0
82,6,924.8,235.64,20.180000000000064,36.29000000000002,1,1,1.0
82,3,208.34,256.99,94.10999999999999,38.39999999999998,1,1,1.0
83,4,743.61,240.3,184.62,98.05000000000001,1,1,1.0
83,5,730.9,262.16,30.75999999999999,27.42999999999995,1,1,1.0
83,6,919.8,236.51,20.180000000000064,36.30000000000001,1,1,1.0
83,3,208.33,257.05,94.10999999999999,38.39999999999998,1,1,1.0
84,4,735.37,241.26,186.51,99.01999999999998,1,1,1.0
84,5,719.37,262.65,34.559999999999945,27.700000000000045,1,1,1.0
84,6,914.79,237.39,20.180000000000064,36.29000000000002,1,1,1.0
84,3,208.33,257.11,94.10999999999999,38.39999999999998,1,1,1.0
85,4,727.13,242.22,188.39,99.98999999999998,1,1,1.0
85,5,707.84,263.15,38.360000000000014,27.960000000000036,1,1,1.0
85,6,903.71,238.26,24.25,36.30000000000001,1,1,1.0
85,3,208.33,257.11,94.10999999999999,38.39999999999998,1,1,1.0
86,4,718.89,243.18,190.27999999999997,100.95999999999998,1,1,1.0
86,5,696.3,263.64,42.17000000000007,28.230000000000018,1,1,1.0
86,6,892.63,239.14,28.32000000000005,36.30000000000001,1,1,1.0
86,3,208.33,257.11,94.10999999999999,38.39999999999998,1,1,1.0
87,4,710.65,244.15,192.17000000000007,101.91999999999999,1,1,1.0
87,5,684.77,264.14,45.97000000000003,28.49000000000001,1,1,1.0
87,6,881.55,240.02,32.40000000000009,36.28999999999999,1,1,1.0
87,3,208.33,257.11,94.10999999999999,38.39999999999998,1,1,1.0
88,4,702.42,245.11,194.04000000000008,102.89999999999998,1,1,1.0
88,5,673.24,264.63,49.76999999999998,28.75999999999999,1,1,1.0
88,6,870.47,240.89,36.47000000000003,36.30000000000001,1,1,1.0
88,3,208.33,257.11,94.10999999999999,38.39999999999998,1,1,1.0
89,4,694.18,246.07,195.93000000000006,103.87,1,1,1.0
89,5,661.71,265.13,53.569999999999936,29.019999999999982,1,1,1.0
89,6,859.4,241.77,40.52999999999997,36.28999999999999,1,1,1.0
89,3,208.33,257.11,94.10999999999999,38.39999999999998,1,1,1.0
90,4,685.94,247.04,197.80999999999995,104.83000000000001,1,1,1.0
90,5,650.18,265.62,57.370000000000005,29.29000000000002,1,1,1.0
90,6,848.32,242.64,44.59999999999991,36.30000000000001,1,1,1.0
90,3,208.33,257.11,94.10999999999999,38.39999999999998,1,1,1.0
91,4,677.7,248.0,199.69999999999993,105.80000000000001,1,1,1.0
91,5,638.64,266.12,61.180000000000064,29.55000000000001,1,1,1.0
91,6,837.24,243.52,48.66999999999996,36.29999999999998,1,1,1.0
91,3,208.33,257.11,94.10999999999999,38.39999999999998,1,1,1.0
92,4,665.22,249.19,205.13,108.31,1,1,1.0
92,5,627.11,266.61,64.98000000000002,29.819999999999993,1,1,1.0
92,6,826.16,244.4,52.74000000000001,36.28999999999999,1,1,1.0
92,3,208.33,257.11,94.10999999999999,38.39999999999998,1,1,1.0
93,4,652.75,250.39,210.54999999999995,110.82,1,1,1.0
93,5,615.58,267.11,68.77999999999997,30.079999999999984,1,1,1.0
93,6,815.08,245.27,56.809999999999945,36.29999999999998,1,1,1.0
93,3,208.33,257.11,94.10999999999999,38.39999999999998,1,1,1.0
94,4,640.27,251.58,215.98000000000002,113.33000000000001,1,1,1.0
94,5,604.05,267.6,72.58000000000004,30.349999999999966,1,1,1.0
94,6,804.0,246.15,60.879999999999995,36.28999999999999,1,1,1.0
94,3,208.33,257.11,94.10999999999999,38.39999999999998,1,1,1.0
95,4,627.8,252.77,221.4000000000001,115.85,1,1,1.0
95,5,592.52,268.1,76.38,30.609999999999957,1,1,1.0
95,6,792.64,246.73,65.08000000000004,36.91999999999999,1,1,1.0
95,3,208.33,257.11,94.10999999999999,38.39999999999998,1,1,1.0
96,4,615.32,253.97,225.87,118.35,1,1,1.0
96,5,578.72,268.47,81.45999999999992,31.069999999999993,1,1,1.0
96,6,781.28,247.3,69.27999999999997,37.55000000000001,1,1,1.0
96,3,208.33,257.11,94.10999999999999,38.39999999999998,1,1,1.0
97,4,602.85,255.16,230.34000000000003,120.86999999999998,1,1,1.0
97,5,564.92,268.83,86.55000000000007,31.53000000000003,1,1,1.0
97,6,769.92,247.88,73.48000000000002,38.18000000000001,1,1,1.0
97,3,208.33,257.11,94.10999999999999,38.39999999999998,1,1,1.0
98,4,590.37,256.35,234.80999999999995,123.38,1,1,1.0
98,5,551.12,269.2,91.63,31.980000000000018,1,1,1.0
98,6,758.55,248.46,74.98000000000002,30.539999999999992,1,1,1.0
98,3,208.33,257.11,94.10999999999999,38.39999999999998,1,1,1.0
99,4,577.9,257.55,239.26999999999998,125.88999999999999,1,1,1.0
99,5,537.32,269.57,96.70999999999992,32.44,1,1,1.0
99,6,747.19,249.04,76.4799999999999,28.630000000000024,1,1,1.0
99,3,208.33,257.11,94.10999999999999,38.39999999999998,1,1,1.0
100,4,565.42,258.74,243.75,128.39999999999998,1,1,1.0
100,5,523.52,269.93,101.80000000000007,32.89999999999998,1,1,1.0
100,6,735.83,249.61,77.96999999999991,26.71999999999997,1,1,1.0
100,3,208.33,257.11,94.10999999999999,38.39999999999998,1,1,1.0
101,4,552.95,259.93,248.20999999999992,130.90999999999997,1,1,1.0
101,5,509.72,270.3,106.88,33.349999999999966,1,1,1.0
101,6,724.47,250.19,79.45999999999992,24.810000000000002,1,1,1.0
101,3,208.33,257.11,94.10999999999999,38.39999999999998,1,1,1.0
102,4,540.47,261.13,252.67999999999995,133.42000000000002,1,1,1.0
102,5,495.92,270.83,106.79000000000002,33.650000000000034,1,1,1.0
102,6,713.11,250.77,80.96000000000004,22.900000000000006,1,1,1.0
102,3,208.33,257.11,94.10999999999999,38.39999999999998,1,1,1.0
103,4,528.0,262.32,257.15,135.93,1,1,1.0
103,5,482.12,271.37,106.70000000000005,33.93000000000001,1,1,1.0
103,6,701.75,251.35,82.45000000000005,20.97999999999999,1,1,1.0
103,7,952.96,231.13,7.039999999999964,37.55000000000001,1,1,1.0
103,3,208.33,257.11,94.10999999999999,38.39999999999998,1,1,1.0
104,4,513.26,264.03,262.70000000000005,137.41000000000003,1,1,1.0
104,5,468.32,271.9,106.60999999999996,34.22000000000003,1,1,1.0
104,6,690.38,251.93,83.95000000000005,19.069999999999993,1,1,1.0
104,7,948.97,227.08,11.029999999999973,41.599999999999994,1,1,1.0
104,3,208.33,257.11,94.10999999999999,38.39999999999998,1,1,1.0
105,4,498.53,265.75,268.23,138.88,1,1,1.0
105,5,454.52,272.43,106.50999999999999,34.51999999999998,1,1,1.0
105,6,679.02,252.5,85.45000000000005,19.970000000000027,1,1,1.0
105,7,944.97,223.04,15.029999999999973,45.640000000000015,1,1,1.0
105,3,208.33,257.11,94.10999999999999,38.39999999999998,1,1,1.0
106,4,483.8,267.46,273.77000000000004,140.36,1,1,1.0
106,5,440.72,272.97,106.41999999999996,34.799999999999955,1,1,1.0
106,6,667.66,253.08,86.94000000000005,20.849999999999994,1,1,1.0
106,7,940.97,218.99,19.029999999999973,49.69,1,1,1.0
106,3,208.33,257.11,94.10999999999999,38.39999999999998,1,1,1.0
107,4,469.06,269.17,279.32,141.83999999999997,1,1,1.0
107,5,426.92,273.5,106.32999999999998,35.089999999999975,1,1,1.0
107,6,656.3,253.66,88.44000000000005,21.73999999999998,1,1,1.0
107,7,936.98,214.95,23.019999999999982,53.73000000000002,1,1,1.0
107,3,208.33,257.11,94.10999999999999,38.39999999999998,1,1,1.0
108,4,454.33,270.89,284.86000000000007,143.31,1,1,1.0
108,5,413.12,274.03,106.24000000000001,35.39000000000004,1,1,1.0
108,6,642.9,254.49,89.79000000000008,21.00999999999999,1,1,1.0
108,7,932.98,210.9,27.019999999999982,57.78,1,1,1.0
108,3,208.33,257.11,94.10999999999999,38.39999999999998,1,1,1.0
109,4,439.6,272.6,290.4,146.79999999999995,1,1,1.0
109,5,399.32,274.57,106.15000000000003,35.670000000000016,1,1,1.0
109,6,629.5,255.33,91.14999999999998,22.140000000000015,1,1,1.0
109,7,928.99,211.17,31.00999999999999,57.51000000000002,1,1,1.0
109,3,208.33,257.11,94.10999999999999,38.39999999999998,1,1,1.0
110,4,420.79,274.32,298.74999999999994,149.40000000000003,1,1,1.0
110,5,385.52,275.1,106.06,35.95999999999998,1,1,1.0
110,6,616.1,256.16,92.5,23.269999999999982,1,1,1.0
110,7,924.99,211.43,35.00999999999999,57.25,1,1,1.0
110,3,208.33,257.11,94.10999999999999,38.39999999999998,1,1,1.0
111,4,401.98,276.03,307.1,152.01000000000005,1,1,1.0
111,5,371.72,275.63,105.95999999999998,36.25999999999999,1,1,1.0
111,6,602.7,257.0,93.8599999999999,24.399999999999977,1,1,1.0
111,7,921.0,211.7,39.0,56.97000000000003,1,1,1.0
111,3,208.33,257.11,94.10999999999999,38.39999999999998,1,1,1.0
112,4,383.18,277.75,315.44,154.61,1,1,1.0
112,5,357.92,276.17,105.87,36.539999999999964,1,1,1.0
112,6,589.3,257.83,95.21000000000004,25.560000000000002,1,1,1.0
112,7,917.55,211.7,42.450000000000045,56.97000000000003,1,1,1.0
112,3,208.33,257.11,94.10999999999999,38.39999999999998,1,1,1.0
113,4,364.37,279.47,323.78999999999996,157.20999999999998,1,1,1.0
113,5,344.12,276.7,105.77999999999997,36.829999999999984,1,1,1.0
113,6,575.9,258.66,96.57000000000005,26.71999999999997,1,1,1.0
113,7,914.1,211.7,45.89999999999998,56.97000000000003,1,1,1.0
113,3,208.33,257.11,94.10999999999999,38.39999999999998,1,1,1.0
114,4,345.56,281.18,332.14000000000004,159.82,1,1,1.0
114,5,330.32,278.1,107.68,36.25999999999999,1,1,1.0
114,6,562.5,259.5,97.91999999999996,27.860000000000014,1,1,1.0
114,7,910.65,211.7,49.35000000000002,56.97000000000003,1,1,1.0
114,3,208.33,257.11,94.10999999999999,38.39999999999998,1,1,1.0
115,4,326.75,282.9,339.19000000000005,163.75,1,1,1.0
115,5,313.92,278.96,110.0,37.14000000000004,1,1,1.0
115,6,549.1,260.33,99.27999999999997,29.02000000000004,1,1,1.0
115,7,907.2,211.7,52.799999999999955,56.97000000000003,1,1,1.0
115,3,208.33,257.11,94.10999999999999,38.39999999999998,1,1,1.0
116,4,307.94,284.62,346.25000000000006,167.68,1,1,1.0
116,5,297.52,279.83,112.31,38.0,1,1,1.0
116,6,535.7,261.17,100.63,30.16999999999996,1,1,1.0
116,7,901.57,212.64,58.42999999999995,57.210000000000036,1,1,1.0
116,3,208.33,257.11,94.10999999999999,38.39999999999998,1,1,1.0
117,4,289.13,286.33,353.29999999999995,171.62,1,1,1.0
117,5,281.11,280.69,114.63999999999999,38.879999999999995,1,1,1.0
117,6,522.3,262.0,101.99000000000001,31.319999999999993,1,1,1.0
117,7,895.94,213.57,64.05999999999995,57.44999999999999,1,1,1.0
117,3,208.33,257.11,94.10999999999999,38.39999999999998,1,1,1.0
118,4,270.33,288.05,360.34,175.55,1,1,1.0
118,5,264.71,281.55,116.96000000000004,39.75999999999999,1,1,1.0
118,6,508.9,262.84,103.34000000000003,32.47000000000003,1,1,1.0
118,7,890.3,214.51,69.70000000000005,57.68000000000001,1,1,1.0
118,3,208.33,257.11,94.10999999999999,38.39999999999998,1,1,1.0
119,4,251.52,289.77,367.39,179.49,1,1,1.0
119,5,248.31,282.41,119.26999999999998,40.639999999999986,1,1,1.0
119,6,495.5,263.67,104.70000000000005,33.629999999999995,1,1,1.0
119,7,884.67,215.45,71.33000000000004,57.920000000000016,1,1,1.0
119,3,208.33,257.11,94.10999999999999,38.39999999999998,1,1,1.0
120,4,232.71,291.48,374.44999999999993,183.43,1,1,1.0
120,5,231.91,283.28,121.59,41.51000000000005,1,1,1.0
120,6,480.71,264.33,105.79000000000002,35.06999999999999,1,1,1.0
120,7,879.04,216.39,72.96000000000004,58.150000000000034,1,1,1.0
120,3,208.33,257.11,94.10999999999999,38.39999999999998,1,1,1.0
121,4,213.9,293.2,381.5,187.36,1,1,1.0
121,5,215.51,284.14,123.90000000000003,42.389999999999986,1,1,1.0
121,6,465.92,264.99,106.87999999999994,36.50999999999999,1,1,1.0
121,7,873.41,217.32,74.59000000000003,58.389999999999986,1,1,1.0
121,3,208.33,257.11,94.10999999999999,38.39999999999998,1,1,1.0
122,4,190.57,295.74,392.72999999999996,189.39,1,1,1.0
122,5,199.11,285.0,126.21999999999997,43.25999999999999,1,1,1.0
122,6,451.13,265.65,107.96000000000004,37.860000000000014,1,1,1.0
122,7,867.77,218.26,76.23000000000002,58.629999999999995,1,1,1.0
122,3,208.33,257.11,94.10999999999999,38.39999999999998,1,1,1.0
123,4,167.23,298.28,403.97,191.42000000000002,1,1,1.0
123,5,181.44,286.56,126.69,43.44,1,1,1.0
123,6,436.34,266.31,109.05000000000001,39.20999999999998,1,1,1.0
123,7,862.14,219.2,77.86000000000001,58.860000000000014,1,1,1.0
123,3,208.33,257.11,94.10999999999999,38.39999999999998,1,1,1.0
124,4,143.9,300.82,415.20000000000005,193.45999999999998,1,1,1.0
124,5,163.78,288.12,127.14000000000001,43.620000000000005,1,1,1.0
124,6,421.55,266.97,110.14000000000004,40.559999999999945,1,1,1.0
124,7,855.95,219.62,78.81999999999994,59.14999999999998,1,1,1.0
124,3,208.33,257.11,94.10999999999999,38.39999999999998,1,1,1.0
125,4,117.43,303.36,426.32,199.95,1,1,1.0
125,5,146.11,289.68,127.61000000000001,43.80000000000001,1,1,1.0
125,6,406.76,267.63,111.23000000000002,41.910000000000025,1,1,1.0
125,7,849.76,220.04,79.77999999999997,59.440000000000026,1,1,1.0
125,3,208.33,257.11,94.10999999999999,38.39999999999998,1,1,1.0
126,4,90.95,305.9,437.44,206.44000000000005,1,1,1.0
126,5,128.44,291.24,128.07999999999998,43.98000000000002,1,1,1.0
126,6,391.98,268.3,112.31,43.25999999999999,1,1,1.0
126,7,843.57,220.46,80.7399999999999,59.73999999999998,1,1,1.0
126,3,208.33,257.11,94.10999999999999,38.39999999999998,1,1,1.0
127,4,64.48,308.44,448.55999999999995,212.93,1,1,1.0
127,5,110.77,292.8,128.55,44.15999999999997,1,1,1.0
127,6,377.19,268.96,113.38999999999999,44.610000000000014,1,1,1.0
127,7,837.37,220.89,81.71000000000004,60.02000000000004,1,1,1.0
127,3,208.33,257.11,94.10999999999999,38.39999999999998,1,1,1.0
128,4,38.0,310.98,459.69,219.41999999999996,1,1,1.0
128,5,93.11,294.36,129.0,44.329999999999984,1,1,1.0
128,6,362.4,269.62,114.48000000000002,45.95999999999998,1,1,1.0
128,7,831.18,221.31,82.67000000000007,60.31,1,1,1.0
128,3,208.33,257.11,94.10999999999999,38.39999999999998,1,1,1.0
129,4,10.9,314.8,473.90000000000003,220.40000000000003,1,1,1.0
129,5,75.44,295.92,129.47,44.50999999999999,1,1,1.0
129,6,347.61,270.28,115.57,47.31,1,1,1.0
129,7,824.99,221.73,83.63,60.599999999999994,1,1,1.0
129,3,208.33,257.11,94.10999999999999,38.39999999999998,1,1,1.0
130,4,0.0,316.06,466.98,223.94,1,1,1.0
130,5,57.77,297.48,129.94,44.69,1,1,1.0
130,6,332.82,270.94,116.66000000000003,48.660000000000025,1,1,1.0
130,7,818.79,222.15,84.60000000000002,60.890000000000015,1,1,1.0
130,3,208.33,257.11,94.10999999999999,38.39999999999998,1,1,1.0
131,4,0.0,318.6,451.63,221.39999999999998,1,1,1.0
131,5,40.1,299.04,130.4,44.870000000000005,1,1,1.0
131,6,316.99,271.95,117.75,49.05000000000001,1,1,1.0
131,7,811.99,222.57,85.56999999999994,61.18000000000001,1,1,1.0
131,3,208.33,257.11,94.10999999999999,38.39999999999998,1,1,1.0
132,4,0.0,321.14,436.27,218.86,1,1,1.0
132,5,22.44,300.6,130.86,45.049999999999955,1,1,1.0
132,6,301.16,272.96,118.83999999999997,49.43000000000001,1,1,1.0
132,7,805.19,222.99,86.52999999999997,61.46999999999997,1,1,1.0
132,3,208.33,257.11,94.10999999999999,38.39999999999998,1,1,1.0
133,4,0.0,323.68,420.92,216.32,1,1,1.0
133,5,8.04,304.35,130.87,45.049999999999955,1,1,1.0
133,6,285.34,273.98,119.92000000000002,49.81,1,1,1.0
133,7,798.39,223.41,87.49000000000001,61.77000000000001,1,1,1.0
133,8,668.23,532.75,80.10000000000002,7.25,1,1,1.0
133,3,208.33,257.11,94.10999999999999,38.39999999999998,1,1,1.0
134,4,0.0,326.22,405.57,213.77999999999997,1,1,1.0
134,5,0.0,304.98,119.51,45.039999999999964,1,1,1.0
134,6,269.51,274.99,121.0,50.19999999999999,1,1,1.0
134,7,791.59,223.84,88.45999999999992,62.04999999999998,1,1,1.0
134,8,675.03,527.07,95.49000000000001,12.92999999999995,1,1,1.0
134,3,208.33,257.11,94.10999999999999,38.39999999999998,1,1,1.0
135,4,0.0,329.7,386.17,210.3,1,1,1.0
135,5,0.0,304.98,101.11,45.039999999999964,1,1,1.0
135,6,253.68,276.0,122.08999999999997,50.579999999999984,1,1,1.0
135,7,784.79,224.26,89.42000000000007,62.34000000000003,1,1,1.0
135,8,681.82,521.39,110.88,18.610000000000014,1,1,1.0
135,3,208.33,257.11,94.10999999999999,38.39999999999998,1,1,1.0
136,4,0.0,333.19,366.78,206.81,1,1,1.0
136,5,0.0,304.98,82.71,45.039999999999964,1,1,1.0
136,6,237.85,277.02,123.17999999999998,50.960000000000036,1,1,1.0
136,7,777.99,224.68,90.38,62.629999999999995,1,1,1.0
136,8,688.62,515.71,121.14999999999998,24.289999999999964,1,1,1.0
136,3,208.33,257.11,94.10999999999999,38.39999999999998,1,1,1.0
137,4,0.0,336.67,347.38,203.32999999999998,1,1,1.0
137,5,0.0,304.98,64.3,45.039999999999964,1,1,1.0
137,6,222.03,278.03,124.26000000000002,51.35000000000002,1,1,1.0
137,7,771.19,225.1,91.33999999999992,62.91999999999999,1,1,1.0
137,8,695.42,510.03,131.41000000000008,29.970000000000027,1,1,1.0
137,3,208.33,257.11,94.10999999999999,38.39999999999998,1,1,1.0
138,4,0.0,340.15,327.99,199.85000000000002,1,1,1.0
138,5,0.0,304.98,45.9,45.039999999999964,1,1,1.0
138,6,206.2,279.04,125.35000000000002,51.72999999999996,1,1,1.0
138,7,764.39,225.52,92.31000000000006,63.21000000000001,1,1,1.0
138,8,702.21,504.35,141.68999999999994,35.64999999999998,1,1,1.0
138,3,208.33,257.11,94.10999999999999,38.39999999999998,1,1,1.0
139,4,0.0,343.63,308.59,196.37,1,1,1.0
139,5,0.0,304.98,27.5,45.039999999999964,1,1,1.0
139,6,190.37,280.06,126.44,52.110000000000014,1,1,1.0
139,7,757.59,225.94,93.26999999999998,63.5,1,1,1.0
139,8,709.01,498.66,143.36,41.339999999999975,1,1,1.0
139,3,208.33,257.11,94.10999999999999,38.39999999999998,1,1,1.0
140,4,0.0,347.12,289.2,192.88,1,1,1.0
140,5,0.0,304.98,10.0,45.039999999999964,1,1,1.0
140,6,174.54,281.07,127.53,52.5,1,1,1.0
140,7,750.79,226.36,94.23000000000002,63.789999999999964,1,1,1.0
140,8,715.8,492.98,145.0300000000001,47.01999999999998,1,1,1.0
140,3,208.33,257.11,94.10999999999999,38.39999999999998,1,1,1.0
141,4,0.0,350.6,269.8,189.39999999999998,1,1,1.0
141,6,157.09,282.08,128.60999999999999,52.879999999999995,1,1,1.0
141,7,742.86,226.68,95.18999999999994,64.07999999999998,1,1,1.0
141,8,722.6,487.3,146.69999999999993,52.69999999999999,1,1,1.0
141,3,208.33,257.11,94.10999999999999,38.39999999999998,1,1,1.0
142,4,0.0,355.15,246.75,184.85000000000002,1,1,1.0
142,6,139.63,283.09,129.70999999999998,53.27000000000004,1,1,1.0
142,7,734.93,226.99,96.15000000000009,64.37,1,1,1.0
142,8,733.95,482.43,142.99,57.56999999999999,1,1,1.0
142,3,208.33,257.11,94.10999999999999,38.39999999999998,1,1,1.0
143,4,0.0,359.7,223.7,180.3,1,1,1.0
143,6,122.18,284.11,130.79,53.64999999999998,1,1,1.0
143,7,726.99,227.31,97.12,64.66000000000003,1,1,1.0
143,8,745.3,477.55,139.2700000000001,62.44999999999999,1,1,1.0
143,3,208.33,257.11,94.10999999999999,38.39999999999998,1,1,1.0
144,4,0.0,364.65,199.37,175.35000000000002,1,1,1.0
144,6,104.73,285.12,131.87,54.02999999999997,1,1,1.0
144,7,719.06,227.62,98.09000000000003,64.94999999999999,1,1,1.0
144,8,756.65,472.68,135.56000000000006,67.32,1,1,1.0
144,3,208.33,257.11,94.10999999999999,38.39999999999998,1,1,1.0
145,4,0.0,369.6,175.03,170.39999999999998,1,1,1.0
145,6,87.27,286.13,132.97000000000003,54.420000000000016,1,1,1.0
145,7,711.13,227.94,99.04999999999995,65.24000000000001,1,1,1.0
145,8,768.01,467.8,131.84000000000003,72.19999999999999,1,1,1.0
145,3,208.33,257.11,94.10999999999999,38.39999999999998,1,1,1.0
146,4,0.0,374.55,150.7,165.45,1,1,1.0
146,6,69.82,287.15,134.05,54.80000000000001,1,1,1.0
146,7,703.2,228.25,100.00999999999999,65.52999999999997,1,1,1.0
146,8,779.36,462.93,128.13,77.07,1,1,1.0
146,3,208.33,257.11,94.10999999999999,38.39999999999998,1,1,1.0
147,4,0.0,379.5,126.37,160.5,1,1,1.0
147,6,52.36,288.16,135.14,55.19,1,1,1.0
147,7,695.26,228.57,100.98000000000002,65.82,1,1,1.0
147,8,790.71,458.05,124.40999999999997,78.82,1,1,1.0
147,3,208.33,257.11,94.10999999999999,38.39999999999998,1,1,1.0
148,4,0.0,384.45,102.03,155.55,1,1,1.0
148,6,34.91,289.17,136.22,55.56999999999999,1,1,1.0
148,7,687.33,228.88,101.93999999999994,66.11000000000001,1,1,1.0
148,8,802.06,453.18,120.70000000000005,80.56,1,1,1.0
148,3,208.33,257.11,94.10999999999999,38.39999999999998,1,1,1.0
149,4,0.0,389.4,77.7,150.60000000000002,1,1,1.0
149,6,17.45,290.19,137.32000000000002,55.94999999999999,1,1,1.0
149,7,679.4,229.2,102.89999999999998,66.40000000000003,1,1,1.0
149,8,813.41,448.3,116.99000000000001,82.31,1,1,1.0
149,3,208.33,257.11,94.10999999999999,38.39999999999998,1,1,1.0
150,4,0.0,402.85,47.35,137.14999999999998,1,1,1.0
150,6,0.0,291.2,138.4,56.34000000000003,1,1,1.0
150,7,669.84,229.6,104.04999999999995,66.79999999999998,1,1,1.0
150,8,821.37,444.01,114.89999999999998,81.24000000000001,1,1,1.0
150,3,208.33,257.11,94.10999999999999,38.39999999999998,1,1,1.0
151,4,0.0,416.3,17.0,123.69999999999999,1,1,1.0
151,6,0.0,293.49,119.59,56.339999999999975,1,1,1.0
151,7,660.29,230.0,105.19000000000005,67.19,1,1,1.0
151,8,829.33,439.73,112.79999999999995,80.15999999999997,1,1,1.0
151,3,208.33,257.11,94.10999999999999,38.39999999999998,1,1,1.0
152,6,0.0,295.79,100.79,56.329999999999984,1,1,1.0
152,7,650.73,230.4,106.35000000000002,67.59,1,1,1.0
152,8,837.28,435.44,110.72000000000003,79.07999999999998,1,1,1.0
152,3,208.33,257.11,94.10999999999999,38.39999999999998,1,1,1.0
153,6,0.0,298.08,81.98,56.34000000000003,1,1,1.0
153,7,641.18,230.8,107.49000000000001,67.97999999999996,1,1,1.0
153,8,845.24,431.16,109.96000000000004,78.0,1,1,1.0
153,3,208.33,257.11,94.10999999999999,38.39999999999998,1,1,1.0
154,6,0.0,296.36,64.64,56.339999999999975,1,1,1.0
154,7,631.62,231.2,108.63999999999999,68.38,1,1,1.0
154,8,853.2,426.87,106.79999999999995,76.93,1,1,1.0
154,3,208.33,257.11,94.10999999999999,38.39999999999998,1,1,1.0
155,6,0.0,294.64,47.29,56.34000000000003,1,1,1.0
155,7,622.07,231.6,109.77999999999997,68.77000000000001,1,1,1.0
155,8,861.15,422.59,98.85000000000002,75.84000000000003,1,1,1.0
155,3,208.33,257.11,94.10999999999999,38.39999999999998,1,1,1.0
156,6,0.0,292.92,29.95,56.339999999999975,1,1,1.0
156,7,612.51,232.0,110.93000000000006,69.17000000000002,1,1,1.0
156,8,869.11,418.3,90.88999999999999,74.76999999999998,1,1,1.0
156,3,208.33,257.11,94.10999999999999,38.39999999999998,1,1,1.0
157,7,602.95,232.4,112.08999999999992,69.55999999999997,1,1,1.0
157,8,875.54,415.17,84.46000000000004,73.32,1,1,1.0
157,3,208.33,257.11,94.10999999999999,38.39999999999998,1,1,1.0
158,7,593.4,232.79,113.23000000000002,69.97,1,1,1.0
158,8,881.97,412.03,78.02999999999997,71.88000000000005,1,1,1.0
158,3,208.33,257.11,94.10999999999999,38.39999999999998,1,1,1.0
159,7,583.84,233.19,114.38,70.36000000000001,1,1,1.0
159,8,888.4,408.9,71.60000000000002,70.43,1,1,1.0
159,3,208.33,257.11,94.10999999999999,38.39999999999998,1,1,1.0
160,7,574.29,233.59,115.51999999999998,70.76000000000002,1,1,1.0
160,8,894.84,405.77,65.15999999999997,68.99000000000001,1,1,1.0
160,3,208.33,257.11,94.10999999999999,38.39999999999998,1,1,1.0
161,7,563.18,234.11,116.67000000000007,71.14999999999998,1,1,1.0
161,8,901.27,402.63,58.73000000000002,67.55000000000001,1,1,1.0
161,3,208.33,257.11,94.10999999999999,38.39999999999998,1,1,1.0
162,7,552.07,234.63,117.81999999999994,71.55000000000001,1,1,1.0
162,8,907.7,399.5,52.299999999999955,66.10000000000002,1,1,1.0
162,3,208.33,257.11,94.10999999999999,38.39999999999998,1,1,1.0
163,7,540.96,235.15,118.96999999999991,71.93999999999997,1,1,1.0
163,8,912.97,395.05,47.02999999999997,67.01999999999998,1,1,1.0
163,3,208.33,257.11,94.10999999999999,38.39999999999998,1,1,1.0
164,7,529.85,235.67,120.12,72.34,1,1,1.0
164,8,918.23,390.6,41.76999999999998,67.94,1,1,1.0
164,3,208.33,257.11,94.10999999999999,38.39999999999998,1,1,1.0
165,7,518.74,236.19,121.26999999999998,72.73000000000002,1,1,1.0
165,8,923.5,388.3,36.5,66.71999999999997,1,1,1.0
165,3,208.33,257.11,94.10999999999999,38.39999999999998,1,1,1.0
166,7,507.63,236.71,122.41999999999996,73.12999999999997,1,1,1.0
166,8,928.77,386.0,31.230000000000018,65.49000000000001,1,1,1.0
166,3,208.33,257.11,94.10999999999999,38.39999999999998,1,1,1.0
167,7,496.53,237.23,123.56000000000006,73.52000000000001,1,1,1.0
167,8,934.03,383.7,25.970000000000027,64.25999999999999,1,1,1.0
167,3,208.33,257.11,94.10999999999999,38.39999999999998,1,1,1.0
168,7,485.42,237.75,124.70999999999998,73.92000000000002,1,1,1.0
168,8,939.3,386.27,20.700000000000045,58.160000000000025,1,1,1.0
168,3,208.33,257.11,94.10999999999999,38.39999999999998,1,1,1.0
169,7,474.31,238.26,125.84999999999997,74.32,1,1,1.0
169,8,944.57,388.83,15.42999999999995,52.06999999999999,1,1,1.0
169,3,208.33,257.11,94.10999999999999,38.39999999999998,1,1,1.0
170,7,463.2,238.78,127.00000000000006,74.72,1,1,1.0
170,8,949.84,391.4,10.159999999999968,45.98000000000002,1,1,1.0
170,3,208.33,257.11,94.10999999999999,38.39999999999998,1,1,1.0
171,7,451.52,239.05,127.87,75.11000000000001,1,1,1.0
171,8,949.84,391.4,10.159999999999968,45.98000000000002,1,1,1.0
171,3,208.33,257.11,94.10999999999999,38.39999999999998,1,1,1.0
172,7,439.84,239.33,128.74000000000007,75.49999999999997,1,1,1.0
172,3,208.33,257.11,94.10999999999999,38.39999999999998,1,1,1.0
173,7,428.16,239.6,129.60999999999996,75.9,1,1,1.0
173,3,208.33,257.11,94.10999999999999,38.39999999999998,1,1,1.0
174,7,416.48,239.87,130.48000000000002,76.30000000000001,1,1,1.0
174,3,208.33,257.11,94.10999999999999,38.39999999999998,1,1,1.0
175,7,404.8,240.14,131.34999999999997,76.69,1,1,1.0
175,3,208.33,257.11,94.10999999999999,38.39999999999998,1,1,1.0
176,7,393.12,240.41,132.22000000000003,77.09,1,1,1.0
176,3,208.33,257.11,94.10999999999999,38.39999999999998,1,1,1.0
177,7,381.44,240.68,133.08999999999997,77.49000000000001,1,1,1.0
177,3,208.33,257.11,94.10999999999999,38.39999999999998,1,1,1.0
178,7,369.76,240.96,133.96000000000004,77.87999999999997,1,1,1.0
178,3,208.33,257.11,94.10999999999999,38.39999999999998,1,1,1.0
179,7,358.08,241.23,134.83000000000004,78.28,1,1,1.0
179,3,208.33,257.11,94.10999999999999,38.39999999999998,1,1,1.0
180,7,346.4,241.5,135.70000000000005,78.67000000000002,1,1,1.0
180,3,208.33,257.11,94.10999999999999,38.39999999999998,1,1,1.0
181,7,334.83,241.9,136.42000000000002,79.07000000000002,1,1,1.0
181,3,208.33,257.11,94.10999999999999,38.39999999999998,1,1,1.0
182,7,323.26,242.29,137.15000000000003,79.47,1,1,1.0
182,3,208.33,257.11,94.10999999999999,38.39999999999998,1,1,1.0
183,7,311.69,242.69,137.88,79.86000000000001,1,1,1.0
183,3,208.33,257.11,94.10999999999999,38.39999999999998,1,1,1.0
184,7,300.12,243.09,138.61,80.24999999999997,1,1,1.0
184,3,208.33,257.11,94.10999999999999,38.39999999999998,1,1,1.0
185,7,288.55,243.48,139.32999999999998,80.66,1,1,1.0
185,3,208.33,257.11,94.10999999999999,38.39999999999998,1,1,1.0
186,7,276.98,243.88,140.06,81.05000000000001,1,1,1.0
186,3,208.33,257.11,94.10999999999999,38.39999999999998,1,1,1.0
187,7,265.41,244.28,140.78999999999996,81.44000000000003,1,1,1.0
187,3,208.33,257.11,94.10999999999999,38.39999999999998,1,1,1.0
188,7,253.84,244.68,141.51000000000002,81.82999999999998,1,1,1.0
188,3,208.33,257.11,94.10999999999999,38.39999999999998,1,1,1.0
189,7,242.27,245.07,142.23999999999998,82.24000000000001,1,1,1.0
189,3,208.33,257.11,94.10999999999999,38.39999999999998,1,1,1.0
190,7,230.7,245.47,142.97000000000003,82.63000000000002,1,1,1.0
190,3,208.33,257.11,94.10999999999999,38.39999999999998,1,1,1.0
